The model is (csv):
time,v1,v2,v3,v4,v5,v6,v7,v8,v9,v10,v11,v12,v13,v14,v15,v16,v17,v18,v19,v20,v21,v22,v23,v24,v25,v26,v27,v28,v29,v30,v31,v32,v33,v34,v35,v36,v37,v38,v39,v41,v42,v43,v44,v45,v72,v73,v74,v75,v76,v77,v78,v79,v80,v81,v82,v83,v84,v85,v86,v87,v88,v89,v90,v91,v92,v93,v94,v95,v96,v97,v98,v99,v100,v101,v102
0,3,4,0,0,4,0,3,0,0,4,3,2,1,2,4,4,4,4,2,4,4,0,0,3,4,3,2,4,4,4,0,0,1,2,0,0,4,4,3,2,4,3,4,0,3,4,4,3,3,0,0,2,0,3,1,4,0,0,4,3,4,1,2,4,4,3,2,4,3,0,0,0,0,4,3
1,4,3,0,0,3,1,4,0,0,3,2,1,2,3,3,3,4,3,3,3,4,0,0,2,4,4,3,3,3,4,1,0,2,1,0,0,4,3,3,2,3,3,3,1,3,4,3,4,3,1,0,1,1,4,2,3,0,0,4,2,4,2,1,3,3,4,3,3,2,1,0,0,1,3,2
2,3,2,0,0,2,2,3,0,0,3,1,1,3,2,2,2,3,3,3,2,3,0,0,2,4,3,4,2,2,3,2,1,3,1,0,0,3,3,2,3,2,3,2,2,3,3,2,4,3,2,0,0,1,3,3,2,0,0,4,1,3,3,1,2,2,3,3,3,1,2,0,0,2,3,2
3,3,1,0,0,1,2,2,0,0,3,1,2,2,2,1,1,2,2,3,1,3,0,0,3,3,2,3,1,1,2,3,2,3,2,0,0,2,3,2,3,1,3,1,2,3,3,1,3,2,3,0,0,0,2,3,1,0,0,3,2,2,3,2,1,1,2,3,3,1,3,0,0,3,3,2
4,3,0,0,0,2,1,2,0,0,3,1,2,1,3,0,0,1,1,2,1,2,0,0,3,2,1,2,0,0,1,3,3,2,3,0,0,1,3,2,2,1,2,1,2,3,3,1,2,2,3,0,0,0,1,2,1,0,0,3,1,1,2,3,0,0,1,2,3,1,3,0,0,3,2,2
5,3,0,0,0,2,2,3,0,0,3,0,2,2,3,0,0,0,1,1,2,1,0,0,2,1,1,1,0,0,0,2,3,1,3,0,0,1,2,2,2,1,2,1,1,3,3,1,1,2,3,0,0,0,1,1,2,0,0,3,1,1,1,3,0,0,0,2,2,1,2,0,0,2,2,2
6,3,0,0,0,1,2,2,0,0,3,1,1,2,2,0,0,0,1,1,3,1,0,0,2,0,1,1,0,0,0,2,2,1,2,0,0,1,2,1,2,1,1,1,1,2,3,0,1,2,3,0,0,0,1,1,3,0,0,3,0,1,1,2,0,0,0,2,2,2,2,0,0,1,2,1
7,3,0,0,0,1,1,2,0,0,2,1,1,1,2,0,0,0,1,1,3,1,0,0,2,0,1,1,0,0,0,1,2,2,2,0,0,1,1,1,1,2,0,1,0,2,3,1,1,1,3,0,0,0,0,1,3,0,0,3,0,0,1,1,0,0,0,2,2,2,2,0,0,1,2,1
8,2,0,0,0,0,1,3,0,0,2,0,0,1,2,0,0,0,1,1,3,1,0,0,1,0,1,1,0,0,0,0,1,2,1,0,0,2,0,1,2,2,0,1,0,2,2,1,1,1,3,0,0,0,0,0,3,0,0,3,0,1,0,1,0,0,0,1,2,2,2,0,0,1,1,1
9,2,0,0,0,0,0,3,0,0,2,0,0,0,1,0,0,0,1,1,3,1,0,0,2,0,1,2,0,0,0,0,0,3,0,0,0,2,0,0,2,2,0,0,0,2,2,0,2,1,3,0,0,0,1,0,4,0,0,2,0,1,0,1,0,0,0,1,1,2,1,0,0,1,1,1
10,2,0,0,0,0,0,4,0,0,2,0,0,0,2,0,0,0,0,1,3,1,0,0,2,0,0,2,0,0,0,0,0,4,0,0,0,2,0,0,3,2,0,0,0,2,2,0,2,0,2,0,0,0,0,1,4,0,0,2,0,0,1,1,0,0,0,1,1,3,1,0,0,2,1,0
11,2,0,0,0,0,0,4,0,0,2,0,0,0,2,0,0,0,0,0,3,0,0,0,3,0,0,2,0,0,0,0,0,4,0,0,0,2,0,0,4,3,0,0,0,2,2,0,2,0,2,0,0,0,0,0,3,0,0,2,0,0,0,2,0,0,0,0,1,3,1,0,0,2,0,0
12,2,0,0,0,0,0,4,0,0,2,0,0,0,3,0,0,0,0,0,4,0,0,0,4,0,0,2,0,0,0,0,0,4,0,0,0,3,0,0,4,3,0,0,0,2,2,0,2,0,2,0,0,0,0,0,4,0,0,2,0,0,0,2,0,0,0,0,0,3,0,0,0,2,0,0
13,2,0,0,0,0,0,4,0,0,2,0,0,0,4,0,0,0,0,0,4,0,0,0,4,0,0,3,0,0,0,0,0,4,0,0,0,3,0,0,4,3,0,0,0,3,2,0,3,0,2,0,0,0,0,0,4,0,0,2,0,0,0,2,0,0,0,0,0,4,0,0,0,2,0,0
14,2,0,0,0,0,0,4,0,0,3,0,0,0,4,0,0,0,0,0,4,0,0,0,4,0,0,3,0,0,0,0,0,4,0,0,0,3,0,0,4,4,0,0,0,3,2,0,3,0,2,0,0,0,0,0,4,0,0,2,0,0,0,2,0,0,0,0,0,4,0,0,0,3,0,0
15,3,0,0,0,0,0,4,0,0,3,0,0,0,4,0,0,0,0,0,4,0,0,0,4,0,0,3,0,0,0,0,0,4,0,0,0,4,0,0,4,4,0,0,0,3,3,0,3,0,2,0,0,0,0,0,4,0,0,2,0,0,0,3,0,0,0,0,0,4,0,0,0,3,0,0
16,3,0,0,0,0,0,4,0,0,3,0,0,0,4,0,0,0,0,0,4,0,0,0,4,0,0,4,0,0,0,0,0,4,0,0,0,4,0,0,4,4,0,0,0,3,3,0,4,0,2,0,0,0,0,0,4,0,0,3,0,0,0,3,0,0,0,0,0,4,0,0,0,3,0,0
17,3,0,0,0,0,0,4,0,0,3,0,0,0,4,0,0,0,0,0,4,0,0,0,4,0,0,4,0,0,0,0,0,4,0,0,0,4,0,0,4,4,0,0,0,3,3,0,4,0,3,0,0,0,0,0,4,0,0,3,0,0,0,3,0,0,0,0,0,4,0,0,0,4,0,0
18,3,0,0,0,0,0,4,0,0,3,0,0,0,4,0,0,0,0,0,4,0,0,0,4,0,0,4,0,0,0,0,0,4,0,0,0,4,0,0,4,4,0,0,0,3,3,0,4,0,3,0,0,0,0,0,4,0,0,3,0,0,0,4,0,0,0,0,0,4,0,0,0,4,0,0
19,3,0,0,0,0,0,4,0,0,3,0,0,0,4,0,0,0,0,0,4,0,0,0,4,0,0,4,0,0,0,0,0,4,0,0,0,4,0,0,4,4,0,0,0,3,3,0,4,0,3,0,0,0,0,0,4,0,0,3,0,0,0,4,0,0,0,0,0,4,0,0,0,4,0,0
20,3,0,0,0,0,0,4,0,0,3,0,0,0,4,0,0,0,0,0,4,0,0,0,4,0,0,4,0,0,0,0,0,4,0,0,0,4,0,0,4,4,0,0,0,3,3,0,4,0,3,0,0,0,0,0,4,0,0,3,0,0,0,4,0,0,0,0,0,4,0,0,0,4,0,0
21,3,0,0,0,0,0,4,0,0,3,0,0,0,4,0,0,0,0,0,4,0,0,0,4,0,0,4,0,0,0,0,0,4,0,0,0,4,0,0,4,4,0,0,0,3,3,0,4,0,3,0,0,0,0,0,4,0,0,3,0,0,0,4,0,0,0,0,0,4,0,0,0,4,0,0
22,3,0,0,0,0,0,4,0,0,3,0,0,0,4,0,0,0,0,0,4,0,0,0,4,0,0,4,0,0,0,0,0,4,0,0,0,4,0,0,4,4,0,0,0,3,3,0,4,0,3,0,0,0,0,0,4,0,0,3,0,0,0,4,0,0,0,0,0,4,0,0,0,4,0,0
23,3,0,0,0,0,0,4,0,0,3,0,0,0,4,0,0,0,0,0,4,0,0,0,4,0,0,4,0,0,0,0,0,4,0,0,0,4,0,0,4,4,0,0,0,3,3,0,4,0,3,0,0,0,0,0,4,0,0,3,0,0,0,4,0,0,0,0,0,4,0,0,0,4,0,0
24,3,0,0,0,0,0,4,0,0,3,0,0,0,4,0,0,0,0,0,4,0,0,0,4,0,0,4,0,0,0,0,0,4,0,0,0,4,0,0,4,4,0,0,0,3,3,0,4,0,3,0,0,0,0,0,4,0,0,3,0,0,0,4,0,0,0,0,0,4,0,0,0,4,0,0
25,3,0,0,0,0,0,4,0,0,3,0,0,0,4,0,0,0,0,0,4,0,0,0,4,0,0,4,0,0,0,0,0,4,0,0,0,4,0,0,4,4,0,0,0,3,3,0,4,0,3,0,0,0,0,0,4,0,0,3,0,0,0,4,0,0,0,0,0,4,0,0,0,4,0,0
26,3,0,0,0,0,0,4,0,0,3,0,0,0,4,0,0,0,0,0,4,0,0,0,4,0,0,4,0,0,0,0,0,4,0,0,0,4,0,0,4,4,0,0,0,3,3,0,4,0,3,0,0,0,0,0,4,0,0,3,0,0,0,4,0,0,0,0,0,4,0,0,0,4,0,0
27,3,0,0,0,0,0,4,0,0,3,0,0,0,4,0,0,0,0,0,4,0,0,0,4,0,0,4,0,0,0,0,0,4,0,0,0,4,0,0,4,4,0,0,0,3,3,0,4,0,3,0,0,0,0,0,4,0,0,3,0,0,0,4,0,0,0,0,0,4,0,0,0,4,0,0
28,3,0,0,0,0,0,4,0,0,3,0,0,0,4,0,0,0,0,0,4,0,0,0,4,0,0,4,0,0,0,0,0,4,0,0,0,4,0,0,4,4,0,0,0,3,3,0,4,0,3,0,0,0,0,0,4,0,0,3,0,0,0,4,0,0,0,0,0,4,0,0,0,4,0,0
29,3,0,0,0,0,0,4,0,0,3,0,0,0,4,0,0,0,0,0,4,0,0,0,4,0,0,4,0,0,0,0,0,4,0,0,0,4,0,0,4,4,0,0,0,3,3,0,4,0,3,0,0,0,0,0,4,0,0,3,0,0,0,4,0,0,0,0,0,4,0,0,0,4,0,0
30,3,0,0,0,0,0,4,0,0,3,0,0,0,4,0,0,0,0,0,4,0,0,0,4,0,0,4,0,0,0,0,0,4,0,0,0,4,0,0,4,4,0,0,0,3,3,0,4,0,3,0,0,0,0,0,4,0,0,3,0,0,0,4,0,0,0,0,0,4,0,0,0,4,0,0,<---
31,3,0,0,0,0,0,4,0,0,3,0,0,0,4,0,0,0,0,0,4,0,0,0,4,0,0,4,0,0,0,0,0,4,0,0,0,4,0,0,4,4,0,0,0,3,3,0,4,0,3,0,0,0,0,0,4,0,0,3,0,0,0,4,0,0,0,0,0,4,0,0,0,4,0,0
32,3,0,0,0,0,0,4,0,0,3,0,0,0,4,0,0,0,0,0,4,0,0,0,4,0,0,4,0,0,0,0,0,4,0,0,0,4,0,0,4,4,0,0,0,3,3,0,4,0,3,0,0,0,0,0,4,0,0,3,0,0,0,4,0,0,0,0,0,4,0,0,0,4,0,0
33,3,0,0,0,0,0,4,0,0,3,0,0,0,4,0,0,0,0,0,4,0,0,0,4,0,0,4,0,0,0,0,0,4,0,0,0,4,0,0,4,4,0,0,0,3,3,0,4,0,3,0,0,0,0,0,4,0,0,3,0,0,0,4,0,0,0,0,0,4,0,0,0,4,0,0
34,3,0,0,0,0,0,4,0,0,3,0,0,0,4,0,0,0,0,0,4,0,0,0,4,0,0,4,0,0,0,0,0,4,0,0,0,4,0,0,4,4,0,0,0,3,3,0,4,0,3,0,0,0,0,0,4,0,0,3,0,0,0,4,0,0,0,0,0,4,0,0,0,4,0,0
35,3,0,0,0,0,0,4,0,0,3,0,0,0,4,0,0,0,0,0,4,0,0,0,4,0,0,4,0,0,0,0,0,4,0,0,0,4,0,0,4,4,0,0,0,3,3,0,4,0,3,0,0,0,0,0,4,0,0,3,0,0,0,4,0,0,0,0,0,4,0,0,0,4,0,0
36,3,0,0,0,0,0,4,0,0,3,0,0,0,4,0,0,0,0,0,4,0,0,0,4,0,0,4,0,0,0,0,0,4,0,0,0,4,0,0,4,4,0,0,0,3,3,0,4,0,3,0,0,0,0,0,4,0,0,3,0,0,0,4,0,0,0,0,0,4,0,0,0,4,0,0
37,3,0,0,0,0,0,4,0,0,3,0,0,0,4,0,0,0,0,0,4,0,0,0,4,0,0,4,0,0,0,0,0,4,0,0,0,4,0,0,4,4,0,0,0,3,3,0,4,0,3,0,0,0,0,0,4,0,0,3,0,0,0,4,0,0,0,0,0,4,0,0,0,4,0,0
38,3,0,0,0,0,0,4,0,0,3,0,0,0,4,0,0,0,0,0,4,0,0,0,4,0,0,4,0,0,0,0,0,4,0,0,0,4,0,0,4,4,0,0,0,3,3,0,4,0,3,0,0,0,0,0,4,0,0,3,0,0,0,4,0,0,0,0,0,4,0,0,0,4,0,0
39,3,0,0,0,0,0,4,0,0,3,0,0,0,4,0,0,0,0,0,4,0,0,0,4,0,0,4,0,0,0,0,0,4,0,0,0,4,0,0,4,4,0,0,0,3,3,0,4,0,3,0,0,0,0,0,4,0,0,3,0,0,0,4,0,0,0,0,0,4,0,0,0,4,0,0
Time: 00:01:21.5931436
