The model is (csv):
time,v1,v2,v4,v5,v6,v7,v8,v9,v10,v11,v12,v14,v16,v18,v20,v22,v23,v24,v25,v26,v27,v28,v29,v30,v31,v32,v33,v34,v35,v36
0,3,3,4,4,4,4,1,4,2,1,4,2,4,4,4,1,4,4,2,0,0,0,0,4,2,3,0,3,1,3
1,2,4,4,4,3,4,0,3,3,0,3,3,3,3,3,1,3,3,3,1,1,1,1,3,1,2,0,2,0,2
2,3,3,3,3,2,3,1,3,3,1,2,4,2,4,2,0,2,2,3,2,2,2,2,3,0,3,1,1,1,1
3,4,2,2,4,2,2,2,4,2,2,1,3,3,3,3,1,2,3,2,2,3,2,3,2,1,2,2,0,2,0
4,3,2,3,3,2,2,2,3,2,2,2,2,4,2,4,2,2,3,2,2,2,2,2,2,2,2,2,1,2,1
5,2,3,4,2,2,2,2,2,2,2,2,2,3,2,3,2,2,2,2,2,2,2,2,2,2,2,2,2,2,2
6,2,2,3,2,2,2,2,2,2,2,2,2,2,2,2,2,2,2,2,2,2,3,2,2,2,2,2,2,2,2
7,2,2,2,2,2,2,2,2,2,3,2,2,2,2,2,2,2,2,2,2,2,2,2,2,2,2,2,2,2,2
8,2,2,2,2,2,2,2,2,2,2,2,2,2,2,2,2,2,2,2,2,2,2,2,2,3,2,2,2,2,2
9,2,2,2,2,2,2,2,2,2,2,2,2,2,2,2,2,2,2,2,2,2,2,2,2,2,2,2,2,2,2,<---
Time: 00:01:53.1167987
